011 08

011 018 018 011 02 011 02 011 02 011 02 013

011 018 011 02 011 02 011 02 018 011 02 012 010
014 011 018 01 011 011 01 011 011 01 03 01 012 010
014 011 011 01 018 01 012 010
014 011 018 011 011 01 04 01 012 010
014 011 018 01 011 018 011 02 011 02 01 012 010

011 011 011 01 01 018 011 011 01 01 012 010

014 011 011 01 018 01 012 010 
014 011 018 011 02 011 02 01 012 010
014 011 018 011 011 01 04 01 012 010

011 011 011 01 01 018 011 011 01 01 012 010

014 011 011 01 018 01 012 010
014 011 018 011 011 01 04 01 012 010
014 011 018 01 011 018 011 02 011 02 01 012 010
014 011 018 01 011 011 011 01 01 01 012 010

011 011 011 01 01 018 011 011 01 01 012 010

014 011 018 01 011 018 011 011 01 04 01 012 010
014 011 018 011 011 01 04 011 01 01 012 010

011 011 011 01 01 018 011 011 01 01 012 010

014 011 018 011 011 01 04 011 01 01 012 010
014 011 018 011 02 01 012 010
014 011 011 01 01 012 010
014 011 018 01 011 018 011 011 01 04 01 012 010
014 011 018 01 011 011 01 011 011 01 03 01 012 010
014 011 01 012 010
014 011 011 011 01 01 01 012 010
014 011 011 011 01 01 01 012 010
014 011 018 011 02 01 012 010

011 011 011 01 01 018 011 011 01 01 012 010

014 011 018 018 011 011 01 04 011 011 01 04 01 012 010
014 011 018 01 011 018 011 011 01 04 01 012 010
014 011 011 01 018 01 011 01 012 010

011 011 011 01 01 018 011 011 01 01 012 010

014 011 011 01 018 01 011 011 011 01 01 01 012 010
014 011 01 012 010
014 011 018 01 011 011 01 011 011 01 03 01 012 010
014 011 011 01 018 01 012 010
011 018 018 011 011 01 04 011 018 011 02 011 02 01 012 010

011 011 011 01 01 018 011 011 01 01 012 010

011 011 02
011
013
06 011 02 011 02
08
  015
  014
  01
  014
  015
  013
  015
  011
  02
09
014 07 017 017
09